500
132 137 2
15 168 95
36 146 191
102 12 84
165 92 98
171 75 77
104 56 36
179 42 111
83 17 144
48 91 166
27 130 76
113 62 67
103 117 31
134 58 179
57 108 59
69 37 24
147 60 117
85 57 127
182 67 70
105 93 158
37 45 27
150 67 172
101 63 123
156 186 59
78 18 90
104 146 50
59 160 97
188 59 133
163 4 194
98 33 49
64 22 123
82 52 172
151 199 134
146 43 21
164 9 32
113 179 121
181 173 191
74 140 16
148 103 33
100 138 182
83 194 189
126 150 84
48 199 49
178 122 36
65 49 74
168 25 85
161 72 32
82 3 17
128 99 14
36 168 57
167 82 164
192 90 99
26 138 138
94 96 119
51 6 181
122 160 67
15 169 200
90 88 59
84 93 98
34 11 131
140 32 40
54 18 86
40 142 86
197 138 134
0 74 20
152 111 184
61 58 167
62 0 1
22 44 188
15 80 9
119 53 180
164 82 38
149 95 39
60 111 179
152 195 106
144 22 95
1 125 121
15 153 15
15 198 74
35 34 41
70 25 81
5 77 99
11 49 106
140 53 79
100 27 131
182 0 51
170 23 168
121 59 56
19 98 33
135 110 49
120 140 66
105 161 166
101 83 116
158 90 40
40 54 71
21 8 179
105 121 142
90 194 4
75 114 52
24 7 182
97 171 57
182 40 39
111 165 145
92 58 99
199 5 103
196 193 180
179 92 27
188 89 200
135 93 89
170 92 51
1 56 72
95 37 172
98 110 47
16 96 193
168 93 80
15 110 123
142 11 196
19 189 82
121 49 184
192 21 58
110 85 29
173 4 72
193 193 136
64 192 102
155 79 19
75 154 161
88 153 198
83 70 57
99 177 16
188 13 29
36 93 123
94 124 26
27 44 131
82 175 54
139 10 29
84 168 142
158 107 121
14 115 41
129 108 55
171 184 190
6 72 200
94 156 46
107 176 78
63 160 150
4 17 130
45 112 159
38 128 8
186 37 21
75 78 105
100 100 55
134 119 74
190 147 188
58 74 191
189 85 14
77 46 84
31 166 176
84 2 9
49 159 136
34 91 144
119 77 172
148 99 71
31 85 169
118 198 134
43 23 179
45 14 30
190 134 25
177 3 5
109 96 120
8 91 62
127 35 117
95 156 126
187 197 192
25 83 156
81 118 41
14 152 118
185 182 195
193 18 65
105 86 87
27 6 36
121 125 123
36 173 135
12 76 37
35 9 122
145 77 34
147 76 129
9 175 10
17 169 55
72 53 169
176 118 13
176 2 197
155 174 98
156 169 41
100 86 42
198 107 181
12 144 57
24 199 21
2 108 4
197 191 20
141 200 39
68 171 123
40 120 184
117 196 153
175 30 21
125 77 84
175 59 167
17 40 194
124 159 183
36 124 28
44 95 151
114 70 119
152 186 95
186 63 159
23 13 148
116 3 182
17 71 44
189 115 101
58 129 124
94 0 150
35 19 36
187 23 112
194 38 39
57 10 105
48 158 17
34 33 148
22 103 9
34 104 21
18 119 164
37 85 186
157 150 157
158 179 157
58 178 161
122 193 97
110 106 192
0 183 170
109 143 121
140 95 11
151 173 63
18 186 27
59 59 108
142 158 171
85 20 128
45 13 71
195 91 39
13 154 195
82 17 23
171 117 181
1 160 83
57 141 40
133 54 121
200 177 42
188 118 180
71 143 30
29 166 75
187 49 82
166 82 146
135 26 71
40 195 103
45 57 12
192 82 116
136 60 188
30 47 147
62 159 78
14 110 137
61 29 176
89 65 196
56 5 84
89 4 110
133 154 163
168 132 116
102 36 143
25 102 53
148 35 53
173 111 198
155 20 151
149 10 153
140 102 184
125 34 173
66 163 84
120 23 115
47 188 167
11 60 106
131 178 7
131 91 4
127 121 34
85 24 35
121 52 30
154 134 162
123 171 40
96 129 151
169 34 107
121 72 180
156 192 8
181 8 102
90 19 185
196 117 163
164 41 38
89 182 77
113 25 120
70 90 64
109 128 125
146 171 82
45 155 130
193 200 119
178 95 47
151 134 57
129 99 136
1 132 154
33 138 17
95 43 12
0 190 86
20 99 173
49 18 132
192 143 181
198 61 116
7 40 122
106 10 4
94 190 76
175 194 141
192 101 36
150 3 83
37 187 143
16 78 88
169 170 115
166 59 6
164 13 129
4 195 62
159 156 138
117 141 108
50 150 73
185 89 165
164 69 104
169 156 115
129 199 135
113 91 22
73 74 40
73 4 73
178 154 192
3 20 95
145 17 193
177 89 108
113 114 1
131 166 97
158 0 191
138 2 185
34 104 38
155 41 199
146 73 39
163 94 14
92 13 194
116 18 189
60 105 21
20 154 74
155 183 192
195 168 115
184 19 18
112 99 146
85 193 72
49 118 106
29 113 66
94 56 99
168 52 6
47 77 170
192 184 12
9 58 23
178 93 176
172 79 83
125 185 63
85 32 44
13 115 56
66 39 74
163 5 38
69 83 2
42 1 5
15 80 142
73 136 171
8 108 82
131 66 27
116 1 48
22 2 196
192 196 150
199 28 140
10 43 183
185 54 84
152 4 176
81 141 117
113 90 156
169 88 113
190 133 14
133 178 43
118 84 62
125 152 106
139 9 39
161 169 82
175 55 68
4 16 96
128 156 11
193 136 50
13 12 88
168 153 107
125 82 142
187 178 158
127 16 64
177 175 102
158 58 176
60 83 2
158 59 81
192 38 53
35 25 190
15 159 119
154 77 129
80 64 105
8 59 4
138 108 66
75 115 154
97 56 36
13 140 82
173 54 104
48 65 101
40 145 11
198 70 132
67 66 13
123 155 192
184 93 187
155 77 53
56 184 4
122 13 79
109 16 100
15 113 49
13 113 14
70 107 199
91 50 109
124 40 49
173 174 188
130 15 176
45 47 87
147 23 173
181 15 193
148 173 58
19 60 154
57 52 68
130 98 183
174 6 31
98 65 195
192 142 195
170 102 64
20 39 102
151 132 189
80 183 96
121 21 136
0 13 7
120 106 44
64 110 132
124 50 39
196 185 142
83 173 91
108 167 181
124 115 41
135 150 28
66 172 98
12 175 142
165 96 48
31 88 189
155 88 90
135 146 0
67 83 61
77 55 82
143 199 163
139 189 136
158 109 183
146 147 103
149 55 76
38 29 100
46 117 6
13 92 0
198 65 18
12 83 183
164 135 198
42 166 150
29 149 197
83 31 111
161 162 159
196 140 131
3 54 104
6 181 200
150 167 152
177 77 33
2 29 193
143 93 75
196 20 139
131 101 119
132 189 91
56 122 87
123 7 86
76 20 123
110 46 192
150 38 69
79 102 115
110 56 75
31 95 182
171 36 151
